0.01
0.01
0.01
0.01
0.4
0.232506
0.4
0.247134
0.4
0.224197
0.4
0.16544
0.4
0
0.4
0.339855
0.4
0.398918
0.4
0.377818
0.4
0.394454
0.4
0.395673
0.4
0.34707
0.4
0.327867
0.4
0.386652
0.4
0.372963
0.4
0.366464
0.4
0.367044
0.4
0.346607
0.4
0.301236
0.4
0.359136
0.4
0.360806
0.4
0.370911
0.4
0.335233
0.4
0.357656
0.4
0.35366
0.4
0.35499
0.4
0.32933
0.4
0.334851
0.4
0
0.4
0.371643
0.4
0.363209
0.4
0.389414
0.4
0.334898
0.4
0.333276
0.4
0
0.197018
0
0.155612
0.169011
0.140889
0.16593
0.353828
0.357941
0.355656
0.351543
0
0
0.224547
0.238055
0.190382
0.315924
0.325488
0.344318
0.289023
0.330252
0.289111
0.312304
0.304661
0.357477
0.338005
0.326506
0.33925
0.336631
0.33369
0.33438
0.325845
0.332895
0
0.333453
0.33442
0.334164
0
0
0.147566
0.162381
0
0.116864
0.355199
0.353828
0.354285
0.355656
0
0
0.154947
0.148985
0.153993
0.21292
0.285655
0
0.156826
0.144652
0.160731
0.209733
0.291659
0
0.239474
0.332292
0.147177
0.333957
0.33457
0.334134
0.332425
0.307458
0
0.334828
0.334262
0.334265
0
0
0.104046
0.142656
0
0.0692019
0
0.0298337
0
0
0
0
0.119127
0.147766
0.0893348
0.0756623
0
0
0.156766
0.144972
0.127145
0.0920392
0
0
0.14797
0
0.178449
0
0
0
0
0
0
0
0
0
0.01
0.4
0.01
0.01
0.01
0.01
0.01
0.01
0.01
0.01
0.01
0.01
0.01
0.01
0.01
0.01
0.01
0.01
0.01
0.01
0.01
0.01
0.01
0.01
0.01
0.01
0.01
0.01
0.01
0.01
0.01
0.01
0.01
0.01
0.01
0.01
